ip1_1;ip1_2;ip1_3;ip1_4;ip1_port;ip2_1;ip2_2;ip2_3;ip2_4;ip2_port;good_or_not
52;114;242;182;3478;192;168;0;102;50412;1
52;113;37;37;3481;192;168;0;102;50595;1
52;113;37;37;3481;192;168;0;102;50595;1
52;113;37;37;3479;192;168;0;102;50174;1
188;122;64;29;50006;192;168;0;102;56823;1
188;122;64;29;50006;192;168;0;102;56823;1
52;113;37;37;3479;192;168;0;102;50174;1
188;122;64;29;50006;192;168;0;102;56823;1
188;122;64;29;50006;192;168;0;102;56823;1
52;113;37;37;3480;192;168;0;102;50328;1
52;113;37;37;3479;192;168;0;102;50174;1
188;122;64;29;50006;192;168;0;102;56823;1
188;122;64;29;50006;192;168;0;102;56823;1
188;122;64;29;50006;192;168;0;102;56823;1
52;113;37;37;3479;192;168;0;102;50174;1
188;122;64;29;50006;192;168;0;102;56823;1
52;113;37;37;3479;192;168;0;102;50174;1
188;122;64;29;50006;192;168;0;102;56823;1
188;122;64;29;50006;192;168;0;102;56823;1
52;113;37;37;3481;192;168;0;102;50595;1
52;113;37;37;3481;192;168;0;102;50595;1
188;122;64;29;50006;192;168;0;102;56823;1
52;113;37;37;3479;192;168;0;102;50174;1
188;122;64;29;50006;192;168;0;102;56823;1
192;168;0;102;50595;52;114;242;182;3478;1
52;113;37;37;3479;192;168;0;102;50174;1
188;122;64;29;50006;192;168;0;102;56823;1
188;122;64;29;50006;192;168;0;102;56823;1
52;113;37;37;3479;192;168;0;102;50174;1
188;122;64;29;50006;192;168;0;102;56823;1
188;122;64;29;50006;192;168;0;102;56823;1
52;114;242;182;3478;192;168;0;102;50595;1
52;113;37;37;3479;192;168;0;102;50174;1
188;122;64;29;50006;192;168;0;102;56823;1
188;122;64;29;50006;192;168;0;102;56823;1
52;113;37;37;3481;192;168;0;102;50595;1
52;113;37;37;3481;192;168;0;102;50595;1
52;113;37;37;3479;192;168;0;102;50174;1
188;122;64;29;50006;192;168;0;102;56823;1
188;122;64;29;50006;192;168;0;102;56823;1
52;113;37;37;3479;192;168;0;102;50174;1
188;122;64;29;50006;192;168;0;102;56823;1
188;122;64;29;50006;192;168;0;102;56823;1
52;113;37;37;3479;192;168;0;102;50174;1
188;122;64;29;50006;192;168;0;102;56823;1
188;122;64;29;50006;192;168;0;102;56823;1
52;113;37;37;3481;192;168;0;102;50595;1
52;113;37;37;3481;192;168;0;102;50595;1
52;113;37;37;3479;192;168;0;102;50174;1
188;122;64;29;50006;192;168;0;102;56823;1
188;122;64;29;50006;192;168;0;102;56823;1
52;113;37;37;3479;192;168;0;102;50174;1
188;122;64;29;50006;192;168;0;102;56823;1
192;168;0;102;56823;188;122;64;29;50006;1
188;122;64;29;50006;192;168;0;102;56823;1
188;122;64;29;50006;192;168;0;102;56823;1
52;113;37;37;3479;192;168;0;102;50174;1
188;122;64;29;50006;192;168;0;102;56823;1
188;122;64;29;50006;192;168;0;102;56823;1
52;113;37;37;3479;192;168;0;102;50174;1
188;122;64;29;50006;192;168;0;102;56823;1
188;122;64;29;50006;192;168;0;102;56823;1
52;113;37;37;3481;192;168;0;102;50595;1
52;113;37;37;3481;192;168;0;102;50595;1
188;122;64;29;50006;192;168;0;102;56823;1
52;113;37;37;3479;192;168;0;102;50174;1
188;122;64;29;50006;192;168;0;102;56823;1
188;122;64;29;50006;192;168;0;102;56823;1
192;168;0;102;50174;52;113;37;37;3479;1
52;113;37;37;3479;192;168;0;102;50174;1
188;122;64;29;50006;192;168;0;102;56823;1
188;122;64;29;50006;192;168;0;102;56823;1
52;113;37;37;3479;192;168;0;102;50174;1
188;122;64;29;50006;192;168;0;102;56823;1
188;122;64;29;50006;192;168;0;102;56823;1
52;113;37;37;3479;192;168;0;102;50174;1
188;122;64;29;50006;192;168;0;102;56823;1
188;122;64;29;50006;192;168;0;102;56823;1
52;113;37;37;3479;192;168;0;102;50174;1
188;122;64;29;50006;192;168;0;102;56823;1
188;122;64;29;50006;192;168;0;102;56823;1
52;113;37;37;3479;192;168;0;102;50174;1
52;113;37;37;3481;192;168;0;102;50595;1
52;113;37;37;3481;192;168;0;102;50595;1
52;113;37;37;3479;192;168;0;102;50174;1
188;122;64;29;50006;192;168;0;102;56823;1
52;113;37;37;3479;192;168;0;102;50174;1
192;168;0;102;50328;52;113;37;37;3480;1
52;113;37;37;3479;192;168;0;102;50174;1
52;113;37;37;3481;192;168;0;102;50595;1
52;113;37;37;3481;192;168;0;102;50595;1
52;113;37;37;3479;192;168;0;102;50174;1
192;168;0;102;50328;52;113;37;37;3480;1
52;113;37;37;3480;192;168;0;102;50328;1
52;113;37;37;3479;192;168;0;102;50174;1
52;113;37;37;3479;192;168;0;102;50174;1
52;113;37;37;3481;192;168;0;102;50595;1
52;113;37;37;3481;192;168;0;102;50595;1
52;113;37;37;3479;192;168;0;102;50174;1
192;168;0;102;50412;52;113;37;37;3481;1
52;113;37;37;3479;192;168;0;102;50174;1
52;113;37;37;3479;192;168;0;102;50174;1
52;113;37;37;3479;192;168;0;102;50174;1
52;113;37;37;3479;192;168;0;102;50174;1
192;168;0;102;50328;52;113;37;37;3480;1
52;113;37;37;3481;192;168;0;102;50412;1
52;113;37;37;3481;192;168;0;102;50595;1
52;113;37;37;3481;192;168;0;102;50595;1
52;113;37;37;3479;192;168;0;102;50174;1
192;168;0;102;50328;52;114;242;203;3478;1
192;168;0;102;57472;162;159;133;233;443;1
52;113;37;37;3480;192;168;0;102;50328;1
52;113;37;37;3479;192;168;0;102;50174;1
162;159;133;233;443;192;168;0;102;57472;1
52;113;37;37;3479;192;168;0;102;50174;1
52;114;242;203;3478;192;168;0;102;50328;1
52;113;37;37;3481;192;168;0;102;50595;1
52;113;37;37;3481;192;168;0;102;50595;1
52;113;37;37;3479;192;168;0;102;50174;1
52;113;37;37;3479;192;168;0;102;50174;1
52;113;37;37;3479;192;168;0;102;50174;1
192;168;0;102;50595;52;113;37;37;3481;1
52;113;37;37;3479;192;168;0;102;50174;1
52;113;37;37;3479;192;168;0;102;50174;1
52;113;37;37;3481;192;168;0;102;50595;1
52;113;37;37;3481;192;168;0;102;50595;1
52;113;37;37;3479;192;168;0;102;50174;1
52;113;37;37;3479;192;168;0;102;50174;1
52;113;37;37;3481;192;168;0;102;50595;1
52;113;37;37;3479;192;168;0;102;50174;1
52;113;37;37;3479;192;168;0;102;50174;1
52;113;37;37;3481;192;168;0;102;50595;1
52;113;37;37;3481;192;168;0;102;50595;1
52;113;37;37;3479;192;168;0;102;50174;1
52;113;37;37;3479;192;168;0;102;50174;1
192;168;0;102;56823;188;122;64;29;50006;1
52;113;37;37;3479;192;168;0;102;50174;1
52;113;37;37;3481;192;168;0;102;50595;1
52;113;37;37;3481;192;168;0;102;50595;1
52;113;37;37;3479;192;168;0;102;50174;1
52;113;37;37;3479;192;168;0;102;50174;1
192;168;0;102;50328;52;113;37;37;3480;1
52;113;37;37;3479;192;168;0;102;50174;1
52;113;37;37;3479;192;168;0;102;50174;1
52;113;37;37;3481;192;168;0;102;50595;1
52;113;37;37;3481;192;168;0;102;50595;1
52;113;37;37;3479;192;168;0;102;50174;1
52;113;37;37;3479;192;168;0;102;50174;1
52;113;37;37;3480;192;168;0;102;50328;1
52;113;37;37;3479;192;168;0;102;50174;1
192;168;0;102;50328;52;113;37;37;3480;1
52;113;37;37;3479;192;168;0;102;50174;1
52;113;37;37;3479;192;168;0;102;50174;1
52;113;37;37;3481;192;168;0;102;50595;1
52;113;37;37;3481;192;168;0;102;50595;1
52;113;37;37;3480;192;168;0;102;50328;1
192;168;0;102;56826;216;58;215;67;443;1
192;168;0;102;56826;216;58;215;67;443;1
52;113;37;37;3479;192;168;0;102;50174;1
52;113;37;37;3479;192;168;0;102;50174;1
52;113;37;37;3481;192;168;0;102;50595;1
216;58;215;67;443;192;168;0;102;56826;1
52;113;37;37;3479;192;168;0;102;50174;1
216;58;215;67;443;192;168;0;102;56826;1
192;168;0;102;56826;216;58;215;67;443;1
52;113;37;37;3481;192;168;0;102;50595;1
52;113;37;37;3481;192;168;0;102;50595;1
52;113;37;37;3479;192;168;0;102;50174;1
52;113;37;37;3479;192;168;0;102;50174;1
52;113;37;37;3479;192;168;0;102;50174;1
52;113;37;37;3479;192;168;0;102;50174;1
52;113;37;37;3481;192;168;0;102;50595;1
52;113;37;37;3481;192;168;0;102;50595;1
52;113;37;37;3479;192;168;0;102;50174;1
192;168;0;102;56826;216;58;215;67;443;1
188;122;64;29;50006;192;168;0;102;56823;1
52;113;37;37;3479;192;168;0;102;50174;1
216;58;215;67;443;192;168;0;102;56826;1
52;113;37;37;3479;192;168;0;102;50174;1
216;58;215;67;443;192;168;0;102;56826;1
216;58;215;67;443;192;168;0;102;56826;1
192;168;0;102;56826;216;58;215;67;443;1
52;113;37;37;3481;192;168;0;102;50595;1
52;113;37;37;3481;192;168;0;102;50595;1
52;113;37;37;3479;192;168;0;102;50174;1
52;113;37;37;3479;192;168;0;102;50174;1
52;113;37;37;3479;192;168;0;102;50174;1
52;113;37;37;3479;192;168;0;102;50174;1
52;113;37;37;3481;192;168;0;102;50595;1
52;113;37;37;3481;192;168;0;102;50595;1
52;113;37;37;3479;192;168;0;102;50174;1
52;113;37;37;3479;192;168;0;102;50174;1
52;113;37;37;3479;192;168;0;102;50174;1
52;113;37;37;3479;192;168;0;102;50174;1
52;113;37;37;3479;192;168;0;102;50174;1
192;168;0;102;50174;52;113;37;37;3479;1
52;113;37;37;3479;192;168;0;102;50174;1
52;113;37;37;3481;192;168;0;102;50595;1
52;113;37;37;3481;192;168;0;102;50595;1
52;113;37;37;3479;192;168;0;102;50174;1
52;113;37;37;3479;192;168;0;102;50174;1
52;113;37;37;3479;192;168;0;102;50174;1
52;113;37;37;3479;192;168;0;102;50174;1
52;113;37;37;3481;192;168;0;102;50595;1
52;113;37;37;3481;192;168;0;102;50595;1
52;113;37;37;3479;192;168;0;102;50174;1
52;113;37;37;3479;192;168;0;102;50174;1
52;113;37;37;3479;192;168;0;102;50174;1
52;113;37;37;3479;192;168;0;102;50174;1
52;113;37;37;3481;192;168;0;102;50595;1
52;113;37;37;3481;192;168;0;102;50595;1
52;113;37;37;3479;192;168;0;102;50174;1
52;113;37;37;3479;192;168;0;102;50174;1
192;168;0;102;50412;52;113;37;37;3481;1
52;113;37;37;3479;192;168;0;102;50174;1
52;113;37;37;3481;192;168;0;102;50595;1
52;113;37;37;3481;192;168;0;102;50595;1
52;113;37;37;3479;192;168;0;102;50174;1
192;168;0;102;59652;192;168;0;1;53;1
192;168;0;1;53;192;168;0;102;59652;1
192;168;0;102;57634;52;114;128;43;443;1
52;113;37;37;3479;192;168;0;102;50174;1
192;168;0;102;50174;52;114;242;175;3478;1
52;113;37;37;3479;192;168;0;102;50174;1
52;113;37;37;3479;192;168;0;102;50174;1
52;113;37;37;3481;192;168;0;102;50412;1
52;114;242;175;3478;192;168;0;102;50174;1
52;113;37;37;3481;192;168;0;102;50595;1
52;113;37;37;3481;192;168;0;102;50595;1
52;113;37;37;3479;192;168;0;102;50174;1
188;122;64;29;50006;192;168;0;102;56823;1
192;168;0;102;50595;52;113;37;37;3481;1
52;113;37;37;3479;192;168;0;102;50174;1
188;122;64;29;50006;192;168;0;102;56823;1
52;113;37;37;3479;192;168;0;102;50174;1
188;122;64;29;50006;192;168;0;102;56823;1
52;113;37;37;3479;192;168;0;102;50174;1
52;114;128;43;443;192;168;0;102;57634;1
192;168;0;102;57634;52;114;128;43;443;1
192;168;0;102;57634;52;114;128;43;443;1
188;122;64;29;50006;192;168;0;102;56823;1
52;113;37;37;3481;192;168;0;102;50595;1
52;113;37;37;3481;192;168;0;102;50595;1
52;113;37;37;3479;192;168;0;102;50174;1
188;122;64;29;50006;192;168;0;102;56823;1
52;113;37;37;3479;192;168;0;102;50174;1
192;168;0;102;50595;52;113;37;37;3481;1
188;122;64;29;50006;192;168;0;102;56823;1
52;113;37;37;3479;192;168;0;102;50174;1
188;122;64;29;50006;192;168;0;102;56823;1
52;113;37;37;3479;192;168;0;102;50174;1
188;122;64;29;50006;192;168;0;102;56823;1
52;113;37;37;3481;192;168;0;102;50595;1
52;113;37;37;3481;192;168;0;102;50595;1
52;113;37;37;3481;192;168;0;102;50595;1
52;113;37;37;3479;192;168;0;102;50174;1
188;122;64;29;50006;192;168;0;102;56823;1
52;113;37;37;3479;192;168;0;102;50174;1
188;122;64;29;50006;192;168;0;102;56823;1
52;113;37;37;3479;192;168;0;102;50174;1
188;122;64;29;50006;192;168;0;102;56823;1
192;168;0;102;57634;52;114;128;43;443;1
192;168;0;102;57634;52;114;128;43;443;1
52;114;128;43;443;192;168;0;102;57634;1
52;114;128;43;443;192;168;0;102;57634;1
192;168;0;102;57634;52;114;128;43;443;1
52;113;37;37;3479;192;168;0;102;50174;1
188;122;64;29;50006;192;168;0;102;56823;1
52;113;37;37;3481;192;168;0;102;50595;1
52;113;37;37;3481;192;168;0;102;50595;1
52;113;37;37;3479;192;168;0;102;50174;1
188;122;64;29;50006;192;168;0;102;56823;1
52;113;37;37;3479;192;168;0;102;50174;1
188;122;64;29;50006;192;168;0;102;56823;1
52;113;37;37;3479;192;168;0;102;50174;1
188;122;64;29;50006;192;168;0;102;56823;1
52;113;37;37;3479;192;168;0;102;50174;1
188;122;64;29;50006;192;168;0;102;56823;1
52;113;37;37;3481;192;168;0;102;50595;1
52;113;37;37;3481;192;168;0;102;50595;1
52;113;37;37;3479;192;168;0;102;50174;1
192;168;0;102;50328;52;113;37;37;3480;1
188;122;64;29;50006;192;168;0;102;56823;1
52;113;37;37;3479;192;168;0;102;50174;1
188;122;64;29;50006;192;168;0;102;56823;1
52;114;128;43;443;192;168;0;102;57634;1
192;168;0;102;57634;52;114;128;43;443;1
192;168;0;102;57634;52;114;128;43;443;1
52;113;37;37;3479;192;168;0;102;50174;1
188;122;64;29;50006;192;168;0;102;56823;1
52;113;37;37;3480;192;168;0;102;50328;1
52;113;37;37;3481;192;168;0;102;50595;1
52;113;37;37;3481;192;168;0;102;50595;1
52;113;37;37;3479;192;168;0;102;50174;1
188;122;64;29;50006;192;168;0;102;56823;1
52;113;37;37;3479;192;168;0;102;50174;1
188;122;64;29;50006;192;168;0;102;56823;1
52;113;37;37;3479;192;168;0;102;50174;1
188;122;64;29;50006;192;168;0;102;56823;1
173;194;222;189;443;192;168;0;102;65266;1
52;113;37;37;3479;192;168;0;102;50174;1
192;168;0;102;65266;173;194;222;189;443;1
188;122;64;29;50006;192;168;0;102;56823;1
52;113;37;37;3479;192;168;0;102;50174;1
188;122;64;29;50006;192;168;0;102;56823;1
52;113;37;37;3481;192;168;0;102;50595;1
52;113;37;37;3481;192;168;0;102;50595;1
188;122;64;29;50006;192;168;0;102;56823;1
52;113;37;37;3479;192;168;0;102;50174;1
188;122;64;29;50006;192;168;0;102;56823;1
192;168;0;102;50328;52;113;37;37;3480;1
192;168;0;102;56823;188;122;64;29;50006;1
52;114;128;43;443;192;168;0;102;57634;1
52;114;128;43;443;192;168;0;102;57634;1
52;113;37;37;3479;192;168;0;102;50174;1
188;122;64;29;50006;192;168;0;102;56823;1
188;122;64;29;50006;192;168;0;102;56823;1
52;113;37;37;3479;192;168;0;102;50174;1
188;122;64;29;50006;192;168;0;102;56823;1
188;122;64;29;50006;192;168;0;102;56823;1
52;113;37;37;3480;192;168;0;102;50328;1
52;113;37;37;3479;192;168;0;102;50174;1
188;122;64;29;50006;192;168;0;102;56823;1
188;122;64;29;50006;192;168;0;102;56823;1
52;113;37;37;3481;192;168;0;102;50595;1
52;113;37;37;3481;192;168;0;102;50595;1
52;113;37;37;3479;192;168;0;102;50174;1
188;122;64;29;50006;192;168;0;102;56823;1
188;122;64;29;50006;192;168;0;102;56823;1
188;122;64;29;50006;192;168;0;102;56823;1
52;113;37;37;3479;192;168;0;102;50174;1
52;113;37;37;3479;192;168;0;102;50174;1
188;122;64;29;50006;192;168;0;102;56823;1
52;113;37;37;3481;192;168;0;102;50595;1
52;113;37;37;3481;192;168;0;102;50595;1
52;113;37;37;3479;192;168;0;102;50174;1
188;122;64;29;50006;192;168;0;102;56823;1
52;113;37;37;3479;192;168;0;102;50174;1
52;114;128;43;443;192;168;0;102;57634;1
188;122;64;29;50006;192;168;0;102;56823;1
52;113;37;37;3479;192;168;0;102;50174;1
188;122;64;29;50006;192;168;0;102;56823;1
52;113;37;37;3479;192;168;0;102;50174;1
188;122;64;29;50006;192;168;0;102;56823;1
192;168;0;102;57634;52;114;128;43;443;1
188;122;64;29;50006;192;168;0;102;56823;1
52;113;37;37;3479;192;168;0;102;50174;1
188;122;64;29;50006;192;168;0;102;56823;1
52;113;37;37;3481;192;168;0;102;50595;1
52;113;37;37;3481;192;168;0;102;50595;1
188;122;64;29;50006;192;168;0;102;56823;1
52;113;37;37;3479;192;168;0;102;50174;1
52;113;37;37;3479;192;168;0;102;50174;1
52;113;37;37;3479;192;168;0;102;50174;1
52;113;37;37;3479;192;168;0;102;50174;1
52;113;37;37;3479;192;168;0;102;50174;1
52;113;37;37;3479;192;168;0;102;50174;1
52;113;37;37;3479;192;168;0;102;50174;1
52;113;37;37;3479;192;168;0;102;50174;1
188;122;64;29;50006;192;168;0;102;56823;1
188;122;64;29;50006;192;168;0;102;56823;1
52;113;37;37;3479;192;168;0;102;50174;1
188;122;64;29;50006;192;168;0;102;56823;1
188;122;64;29;50006;192;168;0;102;56823;1
52;113;37;37;3479;192;168;0;102;50174;1
188;122;64;29;50006;192;168;0;102;56823;1
188;122;64;29;50006;192;168;0;102;56823;1
52;113;37;37;3479;192;168;0;102;50174;1
188;122;64;29;50006;192;168;0;102;56823;1
188;122;64;29;50006;192;168;0;102;56823;1
52;113;37;37;3481;192;168;0;102;50595;1
52;113;37;37;3481;192;168;0;102;50595;1
52;113;37;37;3479;192;168;0;102;50174;1
188;122;64;29;50006;192;168;0;102;56823;1
188;122;64;29;50006;192;168;0;102;56823;1
52;113;37;37;3479;192;168;0;102;50174;1
188;122;64;29;50006;192;168;0;102;56823;1
188;122;64;29;50006;192;168;0;102;56823;1
192;168;0;102;50174;52;113;37;37;3479;1
52;113;37;37;3479;192;168;0;102;50174;1
188;122;64;29;50006;192;168;0;102;56823;1
188;122;64;29;50006;192;168;0;102;56823;1
188;122;64;29;50006;192;168;0;102;56823;1
52;113;37;37;3479;192;168;0;102;50174;1
188;122;64;29;50006;192;168;0;102;56823;1
52;113;37;37;3481;192;168;0;102;50595;1
52;113;37;37;3481;192;168;0;102;50595;1
52;113;37;37;3479;192;168;0;102;50174;1
188;122;64;29;50006;192;168;0;102;56823;1
188;122;64;29;50006;192;168;0;102;56823;1
52;113;37;37;3479;192;168;0;102;50174;1
188;122;64;29;50006;192;168;0;102;56823;1
188;122;64;29;50006;192;168;0;102;56823;1
188;122;64;29;50006;192;168;0;102;56823;1
188;122;64;29;50006;192;168;0;102;56823;1
52;113;37;37;3479;192;168;0;102;50174;1
52;113;37;37;3479;192;168;0;102;50174;1
52;113;37;37;3481;192;168;0;102;50595;1
52;113;37;37;3481;192;168;0;102;50595;1
188;122;64;29;50006;192;168;0;102;56823;1
52;113;37;37;3479;192;168;0;102;50174;1
188;122;64;29;50006;192;168;0;102;56823;1
52;113;37;37;3479;192;168;0;102;50174;1
188;122;64;29;50006;192;168;0;102;56823;1
188;122;64;29;50006;192;168;0;102;56823;1
52;113;37;37;3479;192;168;0;102;50174;1
192;168;0;102;50328;52;113;37;37;3480;1
188;122;64;29;50006;192;168;0;102;56823;1
52;113;37;37;3479;192;168;0;102;50174;1
188;122;64;29;50006;192;168;0;102;56823;1
52;113;37;37;3481;192;168;0;102;50595;1
52;113;37;37;3481;192;168;0;102;50595;1
52;113;37;37;3479;192;168;0;102;50174;1
188;122;64;29;50006;192;168;0;102;56823;1
52;113;37;37;3479;192;168;0;102;50174;1
188;122;64;29;50006;192;168;0;102;56823;1
192;168;0;102;50412;52;113;37;37;3481;1
52;113;37;37;3479;192;168;0;102;50174;1
188;122;64;29;50006;192;168;0;102;56823;1
188;122;64;29;50006;192;168;0;102;56823;1
192;168;0;104;137;192;168;0;255;137;1
192;168;0;102;50412;52;113;37;37;3481;1
192;168;0;102;50412;52;113;37;37;3481;1
192;168;0;102;50412;52;113;37;37;3481;1
52;113;37;37;3481;192;168;0;102;50595;1
52;113;37;37;3481;192;168;0;102;50595;1
52;113;37;37;3479;192;168;0;102;50174;1
188;122;64;29;50006;192;168;0;102;56823;1
188;122;64;29;50006;192;168;0;102;56823;1
52;113;37;37;3479;192;168;0;102;50174;1
188;122;64;29;50006;192;168;0;102;56823;1
188;122;64;29;50006;192;168;0;102;56823;1
52;113;37;37;3479;192;168;0;102;50174;1
188;122;64;29;50006;192;168;0;102;56823;1
52;113;37;37;3481;192;168;0;102;50412;1
188;122;64;29;50006;192;168;0;102;56823;1
52;113;37;37;3480;192;168;0;102;50328;1
52;113;37;37;3479;192;168;0;102;50174;1
188;122;64;29;50006;192;168;0;102;56823;1
188;122;64;29;50006;192;168;0;102;56823;1
52;113;37;37;3479;192;168;0;102;50174;1
188;122;64;29;50006;192;168;0;102;56823;1
188;122;64;29;50006;192;168;0;102;56823;1
188;122;64;29;50006;192;168;0;102;56823;1
52;113;37;37;3481;192;168;0;102;50595;1
52;113;37;37;3481;192;168;0;102;50595;1
52;113;37;37;3479;192;168;0;102;50174;1
188;122;64;29;50006;192;168;0;102;56823;1
52;113;37;37;3479;192;168;0;102;50174;1
188;122;64;29;50006;192;168;0;102;56823;1
192;168;0;102;50595;52;113;37;37;3481;1
188;122;64;29;50006;192;168;0;102;56823;1
52;113;37;37;3479;192;168;0;102;50174;1
52;113;37;37;3479;192;168;0;102;50174;1
188;122;64;29;50006;192;168;0;102;56823;1
188;122;64;29;50006;192;168;0;102;56823;1
52;113;37;37;3479;192;168;0;102;50174;1
188;122;64;29;50006;192;168;0;102;56823;1
188;122;64;29;50006;192;168;0;102;56823;1
52;113;37;37;3481;192;168;0;102;50595;1
52;113;37;37;3481;192;168;0;102;50595;1
52;113;37;37;3481;192;168;0;102;50595;1
52;113;37;37;3479;192;168;0;102;50174;1
188;122;64;29;50006;192;168;0;102;56823;1
188;122;64;29;50006;192;168;0;102;56823;1
52;113;37;37;3479;192;168;0;102;50174;1
188;122;64;29;50006;192;168;0;102;56823;1
52;113;37;37;3479;192;168;0;102;50174;1
188;122;64;29;50006;192;168;0;102;56823;1
52;113;37;37;3479;192;168;0;102;50174;1
188;122;64;29;50006;192;168;0;102;56823;1
52;113;37;37;3481;192;168;0;102;50595;1
52;113;37;37;3481;192;168;0;102;50595;1
192;168;0;102;50412;52;113;37;37;3481;1
52;113;37;37;3479;192;168;0;102;50174;1
188;122;64;29;50006;192;168;0;102;56823;1
52;113;37;37;3479;192;168;0;102;50174;1
188;122;64;29;50006;192;168;0;102;56823;1
192;168;0;102;57246;52;109;88;43;443;1
52;113;37;37;3479;192;168;0;102;50174;1
188;122;64;29;50006;192;168;0;102;56823;1
192;168;0;102;56836;52;114;92;89;443;1
52;109;88;43;443;192;168;0;102;57246;1
52;113;37;37;3479;192;168;0;102;50174;1
188;122;64;29;50006;192;168;0;102;56823;1
52;113;37;37;3481;192;168;0;102;50595;1
52;113;37;37;3481;192;168;0;102;50595;1
192;168;0;102;50328;52;113;37;37;3480;1
52;113;37;37;3479;192;168;0;102;50174;1
188;122;64;29;50006;192;168;0;102;56823;1
192;168;0;102;50174;52;113;37;37;3479;1
52;114;92;89;443;192;168;0;102;56836;1
52;113;37;37;3479;192;168;0;102;50174;1
192;168;0;102;57246;52;109;88;43;443;1
52;113;37;37;3479;192;168;0;102;50174;1
52;113;37;37;3480;192;168;0;102;50328;1
192;168;0;102;56836;52;114;92;89;443;1
188;122;64;29;50006;192;168;0;102;56823;1
52;113;37;37;3479;192;168;0;102;50174;1
52;113;37;37;3481;192;168;0;102;50595;1
52;113;37;37;3481;192;168;0;102;50595;1
52;113;37;37;3479;192;168;0;102;50174;1
52;113;37;37;3479;192;168;0;102;50174;1
162;159;135;234;443;192;168;0;102;57161;1
52;113;37;37;3479;192;168;0;102;50174;1
52;113;37;37;3479;192;168;0;102;50174;1
192;168;0;102;50328;52;113;37;37;3480;1
192;168;0;102;50328;52;113;37;37;3480;1
192;168;0;102;57161;162;159;135;234;443;1
52;113;37;37;3481;192;168;0;102;50595;1
52;113;37;37;3481;192;168;0;102;50595;1
52;113;37;37;3479;192;168;0;102;50174;1
52;113;37;37;3479;192;168;0;102;50174;1
52;113;37;37;3480;192;168;0;102;50328;1
52;113;37;37;3480;192;168;0;102;50328;1
52;113;37;37;3479;192;168;0;102;50174;1
52;113;37;37;3481;192;168;0;102;50595;1
52;113;37;37;3481;192;168;0;102;50595;1
52;113;37;37;3479;192;168;0;102;50174;1
188;122;64;29;50006;192;168;0;102;56823;1
192;168;0;102;50328;52;113;37;37;3480;1
52;113;37;37;3479;192;168;0;102;50174;1
188;122;64;29;50006;192;168;0;102;56823;1
192;168;0;102;57617;52;219;80;120;443;1
52;113;37;37;3479;192;168;0;102;50174;1
188;122;64;29;50006;192;168;0;102;56823;1
52;113;37;37;3479;192;168;0;102;50174;1
188;122;64;29;50006;192;168;0;102;56823;1
188;122;64;29;50006;192;168;0;102;56823;1
188;122;64;29;50006;192;168;0;102;56823;1
52;113;37;37;3481;192;168;0;102;50595;1
52;113;37;37;3481;192;168;0;102;50595;1
188;122;64;29;50006;192;168;0;102;56823;1
188;122;64;29;50006;192;168;0;102;56823;1
52;113;37;37;3481;192;168;0;102;50595;1
52;113;37;37;3481;192;168;0;102;50595;1
188;122;64;29;50006;192;168;0;102;56823;1
188;122;64;29;50006;192;168;0;102;56823;1
192;168;0;104;137;192;168;0;255;137;1
188;122;64;29;50006;192;168;0;102;56823;1
188;122;64;29;50006;192;168;0;102;56823;1
192;168;0;102;50328;52;113;37;37;3480;1
52;113;37;37;3481;192;168;0;102;50595;1
52;113;37;37;3481;192;168;0;102;50595;1
188;122;64;29;50006;192;168;0;102;56823;1
188;122;64;29;50006;192;168;0;102;56823;1
52;113;37;37;3480;192;168;0;102;50328;1
188;122;64;29;50006;192;168;0;102;56823;1
188;122;64;29;50006;192;168;0;102;56823;1
52;113;37;37;3481;192;168;0;102;50595;1
52;113;37;37;3481;192;168;0;102;50595;1
188;122;64;29;50006;192;168;0;102;56823;1
188;122;64;29;50006;192;168;0;102;56823;1
192;168;0;102;50174;52;113;37;37;3479;1
188;122;64;29;50006;192;168;0;102;56823;1
52;113;37;37;3481;192;168;0;102;50412;1
188;122;64;29;50006;192;168;0;102;56823;1
52;113;37;37;3481;192;168;0;102;50595;1
52;113;37;37;3481;192;168;0;102;50595;1
188;122;64;29;50006;192;168;0;102;56823;1
192;168;0;102;50328;52;113;37;37;3480;1
188;122;64;29;50006;192;168;0;102;56823;1
52;113;37;37;3479;192;168;0;102;50174;1
188;122;64;29;50006;192;168;0;102;56823;1
52;113;37;37;3480;192;168;0;102;50328;1
52;113;37;37;3481;192;168;0;102;50595;1
52;113;37;37;3481;192;168;0;102;50595;1
52;113;37;37;3481;192;168;0;102;50595;1
52;113;37;37;3481;192;168;0;102;50595;1
192;168;0;102;50412;52;113;37;37;3481;1
192;168;0;102;50328;52;113;37;37;3480;1
192;168;0;102;50595;52;113;37;37;3481;1
192;168;0;102;56900;107;21;196;153;443;1
52;113;37;37;3481;192;168;0;102;50595;1
52;113;37;37;3481;192;168;0;102;50595;1
52;113;37;37;3481;192;168;0;102;50412;1
192;168;0;102;50595;52;113;37;37;3481;1
52;113;37;37;3481;192;168;0;102;50595;1
52;113;37;37;3481;192;168;0;102;50595;1
107;21;196;153;443;192;168;0;102;56900;1
52;113;37;37;3481;192;168;0;102;50595;1
52;113;37;37;3481;192;168;0;102;50595;1
52;113;37;37;3481;192;168;0;102;50595;1
52;113;37;37;3480;192;168;0;102;50328;1
188;122;64;29;50006;192;168;0;102;56823;1
52;113;37;37;3481;192;168;0;102;50595;1
52;113;37;37;3481;192;168;0;102;50595;1
192;168;0;102;50328;52;113;37;37;3480;1
52;113;37;37;3481;192;168;0;102;50595;1
52;113;37;37;3481;192;168;0;102;50595;1
192;168;0;104;137;192;168;0;255;137;1
52;113;37;37;3480;192;168;0;102;50328;1
52;113;37;37;3481;192;168;0;102;50595;1
52;113;37;37;3481;192;168;0;102;50595;1
52;113;37;37;3481;192;168;0;102;50595;1
52;113;37;37;3481;192;168;0;102;50595;1
52;113;37;37;3481;192;168;0;102;50595;1
52;113;37;37;3481;192;168;0;102;50595;1
162;159;135;234;443;192;168;0;102;57161;1
52;113;37;37;3481;192;168;0;102;50595;1
52;113;37;37;3481;192;168;0;102;50595;1
192;168;0;102;57161;162;159;135;234;443;1
52;113;37;37;3481;192;168;0;102;50595;1
52;113;37;37;3481;192;168;0;102;50595;1
52;113;37;37;3479;192;168;0;102;50174;1
52;113;37;37;3479;192;168;0;102;50174;1
52;113;37;37;3479;192;168;0;102;50174;1
52;113;37;37;3481;192;168;0;102;50595;1
52;113;37;37;3481;192;168;0;102;50595;1
52;113;37;37;3479;192;168;0;102;50174;1
52;113;37;37;3479;192;168;0;102;50174;1
52;113;37;37;3479;192;168;0;102;50174;1
188;122;64;29;50006;192;168;0;102;56823;1
52;113;37;37;3481;192;168;0;102;50595;1
52;113;37;37;3481;192;168;0;102;50595;1
52;113;37;37;3479;192;168;0;102;50174;1
188;122;64;29;50006;192;168;0;102;56823;1
52;113;37;37;3479;192;168;0;102;50174;1
192;168;0;102;50174;52;113;37;37;3479;1
188;122;64;29;50006;192;168;0;102;56823;1
52;113;37;37;3479;192;168;0;102;50174;1
188;122;64;29;50006;192;168;0;102;56823;1
52;113;37;37;3479;192;168;0;102;50174;1
52;113;37;37;3479;192;168;0;102;50174;1
188;122;64;29;50006;192;168;0;102;56823;1
52;113;37;37;3479;192;168;0;102;50174;1
52;113;37;37;3481;192;168;0;102;50595;1
52;113;37;37;3481;192;168;0;102;50595;1
188;122;64;29;50006;192;168;0;102;56823;1
192;168;0;102;50328;52;113;37;37;3480;1
52;113;37;37;3479;192;168;0;102;50174;1
188;122;64;29;50006;192;168;0;102;56823;1
52;113;37;37;3479;192;168;0;102;50174;1
188;122;64;29;50006;192;168;0;102;56823;1
52;113;37;37;3480;192;168;0;102;50328;1
52;113;37;37;3479;192;168;0;102;50174;1
188;122;64;29;50006;192;168;0;102;56823;1
52;113;37;37;3481;192;168;0;102;50595;1
52;113;37;37;3481;192;168;0;102;50595;1
52;113;37;37;3479;192;168;0;102;50174;1
188;122;64;29;50006;192;168;0;102;56823;1
52;113;37;37;3479;192;168;0;102;50174;1
188;122;64;29;50006;192;168;0;102;56823;1
52;113;37;37;3479;192;168;0;102;50174;1
188;122;64;29;50006;192;168;0;102;56823;1
188;122;64;29;50006;192;168;0;102;56823;1
192;168;0;102;50412;52;113;37;37;3481;1
188;122;64;29;50006;192;168;0;102;56823;1
52;113;37;37;3481;192;168;0;102;50595;1
52;113;37;37;3481;192;168;0;102;50595;1
188;122;64;29;50006;192;168;0;102;56823;1
188;122;64;29;50006;192;168;0;102;56823;1
188;122;64;29;50006;192;168;0;102;56823;1
52;113;37;37;3481;192;168;0;102;50595;1
52;113;37;37;3481;192;168;0;102;50595;1
188;122;64;29;50006;192;168;0;102;56823;1
52;113;37;37;3481;192;168;0;102;50412;1
192;168;0;102;50595;52;113;37;37;3481;1
192;168;0;102;56823;188;122;64;29;50006;1
188;122;64;29;50006;192;168;0;102;56823;1
188;122;64;29;50006;192;168;0;102;56823;1
188;122;64;29;50006;192;168;0;102;56823;1
52;113;37;37;3481;192;168;0;102;50595;1
52;113;37;37;3481;192;168;0;102;50595;1
188;122;64;29;50006;192;168;0;102;56823;1
188;122;64;29;50006;192;168;0;102;56823;1
188;122;64;29;50006;192;168;0;102;56823;1
52;113;37;37;3481;192;168;0;102;50595;1
188;122;64;29;50006;192;168;0;102;56823;1
188;122;64;29;50006;192;168;0;102;56823;1
52;113;37;37;3481;192;168;0;102;50595;1
52;113;37;37;3481;192;168;0;102;50595;1
52;113;37;37;3479;192;168;0;102;50174;1
52;113;37;37;3479;192;168;0;102;50174;1
52;113;37;37;3481;192;168;0;102;50595;1
52;113;37;37;3481;192;168;0;102;50595;1
52;113;37;37;3479;192;168;0;102;50174;1
52;113;37;37;3479;192;168;0;102;50174;1
52;113;37;37;3479;192;168;0;102;50174;1
192;168;0;102;50328;52;113;37;37;3480;1
52;113;37;37;3479;192;168;0;102;50174;1
52;113;37;37;3481;192;168;0;102;50595;1
52;113;37;37;3481;192;168;0;102;50595;1
52;113;37;37;3479;192;168;0;102;50174;1
52;113;37;37;3479;192;168;0;102;50174;1
52;113;37;37;3479;192;168;0;102;50174;1
52;113;37;37;3479;192;168;0;102;50174;1
52;113;37;37;3480;192;168;0;102;50328;1
52;113;37;37;3481;192;168;0;102;50595;1
52;113;37;37;3481;192;168;0;102;50595;1
52;113;37;37;3479;192;168;0;102;50174;1
52;113;37;37;3479;192;168;0;102;50174;1
52;113;37;37;3479;192;168;0;102;50174;1
192;168;0;102;50328;52;113;37;37;3480;1
52;113;37;37;3479;192;168;0;102;50174;1
52;113;37;37;3479;192;168;0;102;50174;1
52;113;37;37;3481;192;168;0;102;50595;1
52;113;37;37;3481;192;168;0;102;50595;1
52;113;37;37;3479;192;168;0;102;50174;1
192;168;0;102;50328;52;113;37;37;3480;1
52;113;37;37;3479;192;168;0;102;50174;1
52;113;37;37;3479;192;168;0;102;50174;1
52;113;37;37;3480;192;168;0;102;50328;1
52;113;37;37;3479;192;168;0;102;50174;1
52;113;37;37;3481;192;168;0;102;50595;1
52;113;37;37;3481;192;168;0;102;50595;1
52;113;37;37;3479;192;168;0;102;50174;1
52;113;37;37;3479;192;168;0;102;50174;1
52;113;37;37;3479;192;168;0;102;50174;1
52;113;37;37;3479;192;168;0;102;50174;1
52;113;37;37;3481;192;168;0;102;50595;1
52;113;37;37;3481;192;168;0;102;50595;1
52;113;37;37;3479;192;168;0;102;50174;1
52;113;37;37;3481;192;168;0;102;50412;1
52;113;37;37;3479;192;168;0;102;50174;1
52;113;37;37;3479;192;168;0;102;50174;1
52;113;37;37;3481;192;168;0;102;50595;1
52;113;37;37;3481;192;168;0;102;50595;1
52;113;37;37;3479;192;168;0;102;50174;1
52;113;37;37;3479;192;168;0;102;50174;1
52;113;37;37;3479;192;168;0;102;50174;1
52;113;37;37;3479;192;168;0;102;50174;1
52;113;37;37;3481;192;168;0;102;50595;1
52;113;37;37;3481;192;168;0;102;50595;1
52;113;37;37;3479;192;168;0;102;50174;1
52;113;37;37;3479;192;168;0;102;50174;1
192;168;0;102;50174;52;113;37;37;3479;1
52;113;37;37;3479;192;168;0;102;50174;1
52;113;37;37;3479;192;168;0;102;50174;1
52;113;37;37;3481;192;168;0;102;50595;1
52;113;37;37;3481;192;168;0;102;50595;1
52;113;37;37;3479;192;168;0;102;50174;1
52;113;37;37;3479;192;168;0;102;50174;1
52;113;37;37;3479;192;168;0;102;50174;1
52;113;37;37;3479;192;168;0;102;50174;1
52;113;37;37;3481;192;168;0;102;50595;1
52;113;37;37;3481;192;168;0;102;50595;1
52;113;37;37;3479;192;168;0;102;50174;1
188;122;64;29;50006;192;168;0;102;56823;1
52;113;37;37;3479;192;168;0;102;50174;1
188;122;64;29;50006;192;168;0;102;56823;1
52;113;37;37;3479;192;168;0;102;50174;1
188;122;64;29;50006;192;168;0;102;56823;1
52;113;37;37;3479;192;168;0;102;50174;1
188;122;64;29;50006;192;168;0;102;56823;1
52;113;37;37;3481;192;168;0;102;50595;1
52;113;37;37;3481;192;168;0;102;50595;1
52;113;37;37;3479;192;168;0;102;50174;1
188;122;64;29;50006;192;168;0;102;56823;1
52;113;37;37;3479;192;168;0;102;50174;1
188;122;64;29;50006;192;168;0;102;56823;1
188;122;64;29;50006;192;168;0;102;56823;1
52;113;37;37;3479;192;168;0;102;50174;1
188;122;64;29;50006;192;168;0;102;56823;1
52;113;37;37;3479;192;168;0;102;50174;1
192;168;0;102;50412;52;113;37;37;3481;1
188;122;64;29;50006;192;168;0;102;56823;1
52;113;37;37;3479;192;168;0;102;50174;1
188;122;64;29;50006;192;168;0;102;56823;1
